# Created by Octave 4.2.2, Thu Jan 03 16:55:06 2019 -04 <arturyepez@arturyepez-AcerES11>
# name: tramo10x
# type: matrix
# rows: 1
# columns: 6
 58 59 60 65 71 75


# name: tramo10y
# type: matrix
# rows: 1
# columns: 6
 56 43 64 76 85 92


# name: tramo11x
# type: matrix
# rows: 1
# columns: 38
 59 70 75 106 115 127 149 162 179 186 192 197 204 220 226 236 247 275 336 344 348 351 354 359 364 368 370 372 377 381 384 390 397 401 404 410 413 416


# name: tramo11y
# type: matrix
# rows: 1
# columns: 38
 43 38 36 36 40 44 46 51 55 56 61 60 60 69 71 70 71 78 89 93 94 90 86 84 84 91 97 96 84 73 68 57 41 31 22 14 6 0


# name: tramo1x
# type: matrix
# rows: 1
# columns: 16
 367 368 370 371 372 375 380 383 385 388 392 398 402 409 411 420


# name: tramo1y
# type: matrix
# rows: 1
# columns: 16
 269 260 248 237 218 206 195 180 161 155 145 132 117 94 80 67


# name: tramo2x
# type: matrix
# rows: 1
# columns: 3
 368 373 378


# name: tramo2y
# type: matrix
# rows: 1
# columns: 3
 266 272 288


# name: tramo3x
# type: matrix
# rows: 1
# columns: 20
 73 90 122 138 162 193 208 226 251 264 288 313 321 332 339 347 352 360 368 373


# name: tramo3y
# type: matrix
# rows: 1
# columns: 20
 391 407 407 420 440 463 473 475 451 453 445 416 392 380 370 350 342 318 292 288


# name: tramo4x
# type: matrix
# rows: 1
# columns: 4
 74 78 80 81


# name: tramo4y
# type: matrix
# rows: 1
# columns: 4
 387 383 380 372


# name: tramo5x
# type: matrix
# rows: 1
# columns: 14
 22 23 27 32 41 45 48 50 55 63 66 73 77 82


# name: tramo5y
# type: matrix
# rows: 1
# columns: 14
 235 268 275 284 294 301 316 324 336 346 352 359 365 372


# name: tramo6x
# type: matrix
# rows: 1
# columns: 9
 22 28 33 41 49 59 64 76 87


# name: tramo6y
# type: matrix
# rows: 1
# columns: 9
 238 223 206 194 182 152 163 162 137


# name: tramo7x
# type: matrix
# rows: 1
# columns: 7
 60 61 64 67 73 77 78


# name: tramo7y
# type: matrix
# rows: 1
# columns: 7
 135 130 126 121 118 117 112


# name: tramo8x
# type: matrix
# rows: 1
# columns: 3
 69 72 78


# name: tramo8y
# type: matrix
# rows: 1
# columns: 3
 98 106 112


# name: tramo9x
# type: matrix
# rows: 1
# columns: 3
 71 73 75


# name: tramo9y
# type: matrix
# rows: 1
# columns: 3
 101 98 93


